411
172
117
355
426
245
393
402
149
213
431
45
434
362
410
46
235
79
69
291
436
289
54
28
224
148
206
414
226
139
427
314
425
81
492
113
435
63
408
481
228
347
294
277
358
478
286
87
290
315
184
439
264
1
446
442
57
263
165
64
144
220
487
92
83
490
378
428
273
67
407
167
326
316
493
327
198
163
71
364
84
320
254
404
99
121
137
333
313
459
309
455
30
185
482
417
371
424
246
462
448
335
336
209
227
95
274
361
447
217
485
384
312
94
196
472
36
177
398
110
197
102
322
128
112
151
399
29
88
161
241
42
153
203
474
370
147
331
382
324
40
8
218
60
156
430
397
176
119
298
208
155
31
475
191
457
141
138
440
124
412
460
253
468
130
242
152
70
3
311
403
360
189
212
450
62
41
392
126
484
365
159
134
108
272
37
123
47
279
302
32
154
351
357
248
18
68
127
268
389
466
275
443
111
145
105
175
166
458
140
342
200
386
257
321
205
449
471
464
59
318
204
281
341
170
237
452
251
133
49
429
9
216
66
444
2
20
179
496
48
350
22
169
0
11
34
21
282
82
337
150
194
90
27
249
53
373
453
25
465
247
125
479
86
405
75
5
210
136
306
73
58
491
283
192
415
201
308
486
476
89
346
168
332
374
421
93
50
23
10
51
262
267
183
409
97
305
354
193
211
256
340
369
432
454
233
381
186
24
470
98
72
238
400
380
363
480
416
420
366
14
348
132
164
489
433
422
100
390
483
356
104
339
497
116
33
243
118
467
270
395
328
498
61
120
180
38
35
296
146
419
499
266
303
330
367
244
44
178
252
359
101
188
77
329
171
278
495
345
6
96
385
15
276
377
223
292
202
26
232
401
353
240
304
284
293
17
387
106
441
135
299
349
122
56
295
109
463
300
114
12
199
229
310
160
52
19
391
158
115
129
269
323
456
255
319
236
288
376
261
352
287
182
383
372
234
343
74
338
225
214
260
39
190
461
173
317
103
13
488
222
334
162
55
250
394
143
445
16
195
344
85
259
230
285
437
221
388
187
406
379
215
477
297
451
418
271
239
76
438
265
413
107
258
80
231
280
43
174
301
307
473
469
157
4
91
368
131
7
65
181
78
207
494
219
423
142
396
375
325
