180
36
54
189
48
55
152
10
142
30
193
7
113
67
154
173
153
158
148
131
122
34
94
145
42
11
33
97
19
75
12
77
182
120
41
169
44
102
85
83
156
29
37
132
136
47
195
18
63
161
143
31
184
16
167
45
8
137
4
46
15
74
134
118
28
147
2
111
196
14
25
104
81
125
170
160
191
199
110
115
166
190
92
24
198
192
168
194
27
185
117
78
71
80
3
181
106
90
183
52
107
86
40
135
95
22
162
144
72
176
157
9
98
171
146
114
159
89
108
187
60
59
56
165
149
38
127
65
188
179
64
1
112
163
105
177
43
151
100
123
116
57
164
139
175
21
23
138
58
49
76
140
109
88
101
128
174
26
93
82
13
121
50
51
0
124
70
66
155
53
186
79
73
103
69
87
61
119
172
17
197
99
141
68
35
91
130
150
126
62
20
5
6
129
84
133
178
32
39
96
